Ricardo Darin,1,300,2,150,3,200,4,250,5,180,6,220,7,300,8,350,9,400,10,380
Luis Brandoni,2,80,5,400,7,200,9,350,11,300,13,250,15,180,17,220,19,320,21,280
Norma Aleandro,3,100,6,300,9,400,12,320,15,280,18,340,21,260,24,180,27,220,30,300
Rodrigo de la Serna,1,380,4,350,7,320,10,280,13,340,16,260,19,180,22,220,25,300,28,350
Guillermo Francella,1,70,3,240,5,180,7,220,9,300,11,350,13,400,15,380,17,320,19,280
Luis Sandrini,3,95,4,400,5,400,6,300,7,350,8,320,9,280,10,340,11,260,12,180
Fidel Pintos,2,100,3,200,4,400,5,380,6,320,7,280,8,340,9,260,10,180
Adriana Aizemberg,6,200,7,100,8,180,9,220,10,300,11,350,12,400,13,380,14,320
Julieta Díaz,1,200,8,300,6,2002,2,320,9,280,7,340,3,260,10,180,4,220
China Zorrilla,3,140,7,100
Cecilia Roth,1,250,2,320,3,380,4,400,5,350,6,280,7,240,8,200,9,150,10,180
Leonardo Sbaraglia,2,220,3,280,4,320,5,340,6,380,7,400,8,350,9,300,10,250
Graciela Borges,3,200,4,240,5,280,6,300,7,320,8,340,9,360,10,380
Ricardo Bartis,4,90,5,150,6,200,7,250,8,280,9,320,10,340
Martín Seefeld,5,160,6,200,7,220,8,250,9,280,10,300
Eduardo Blanco,6,110,7,180,8,220,9,250,10,280
Alberto Olmedo,7,200,8,240,9,280,10,300
Soledad Villamil,8,250,9,320,10,380
Natalia Oreiro,9,160,10,200
Ricardo Montaner,10,180
Diego Peretti,1,220,8,320
Nacha Guevara,2,200,3,250,4,280,5,320,6,360,7,380,8,350,9,300,10,220
Carlos Gardel,3,250,4,280,5,320,6,360,7,380,8,350,9,300,10,220
Andrea del Boca,4,300,5,320,6,360,7,380,8,350,9,300,10,220
Federico Luppi,5,220,6,250,7,280,8,300,9,320,10,340
Selva Alemán,6,120,7,150,8,180,9,200,10,220
Alejandro Awada,7,140,8,170,9,190,10,200
Mirtha Legrand,8,180,9,200,10,220
Luisana Lopilato,9,200,10,220
Ricardo Fort,10,250
Gastón Pauls,1,150
Lucía Galán,2,300,3,320,4,340,5,360,6,380,7,400,8,350,9,300,10,250
Juan Pérez,3,200,4,240,5,280,6,300,7,320,8,340,9,360,10,380
María López,4,250,5,260,6,270,7,280,8,290,9,300,10,310
Pedro Martínez,5,180,6,220,7,260,8,300,9,340,10,380
Ana García,6,320,7,330,8,340,9,350,10,360
Santiago Rodríguez,7,280,8,320,9,360,10,400
Valentina Sánchez,8,300,9,330,10,360
Fernando González,9,240,10,280