Ricardo Darin,1,300,2,150,3,200,4,250,5,180,6,220,7,300,8,350,9,400,10,380,11,320,12,280,13,340,14,260,15,180,16,220,17,300,18,350,19,400,20,380,21,320,22,280,23,340,24,260,25,180,26,220
Luis Brandoni,2,80,5,400,7,200,9,350,11,300,13,250,15,180,17,220,19,320,21,280,23,340,25,260
Norma Aleandro,3,100,6,300,9,400,12,320,15,280,18,340,21,260,24,180,26,220
Rodrigo de la Serna,1,380,4,350,7,320,10,280,13,340,16,260,19,180,22,220,25,300
Guillermo Francella,1,70,3,240,5,180,7,220,9,300,11,350,13,400,15,380,17,320,19,280,21,340,23,260,25,180
Luis Sandrini,3,95,4,400,5,400,6,300,7,350,8,320,9,280,10,340,11,260,12,180,13,220,14,300,15,350,16,400,17,380,18,320,19,280,20,340,21,260,22,180,23,220,24,300,25,350,26,400
Fidel Pintos,2,100,3,200,4,400,5,380,6,320,7,280,8,340,9,260,10,180,11,220,12,300,13,350,14,400,15,380,16,320,17,280,18,340,19,260,20,180,21,220,22,300,23,350,24,400,25,380,26,320
Adriana Aizemberg,6,200,7,100,8,180,9,220,10,300,11,350,12,400,13,380,14,320,15,280,16,340,17,260,18,180,19,220,20,300,21,350,22,400,23,380,24,320,25,280,26,340
Julieta Díaz,1,200,8,300,6,200,2,320,9,280,7,340,3,260,10,180,4,220,11,300,5,350,12,400,13,380,14,320,15,280,16,340,17,260,18,180,19,220,20,300,21,350,22,400,23,380,24,320,25,280,26,340
China Zorrilla,3,140,7,100,11,220,15,280,19,320,23,260
Gastón Pauls,2,150,4,200,6,250,8,300,10,280,12,320,14,360,16,380,18,340,20,380,22,340,24,320,26,360
Leonardo Sbaraglia,1,180,3,250,5,220,7,280,9,320,11,360,13,380,15,340,17,360,19,340,21,320,23,280,25,220
Graciela Borges,2,120,6,300,10,250,14,320,18,360,22,380,26,340
Ricardo Bartis,3,90,5,150,7,200,9,250,11,280,13,320,15,360,17,380,19,340,21,320,23,280,25,250
Martín Seefeld,1,160,7,200,5,150,12,300,6,220,13,180,7,220,14,280,8,320,15,360,9,380,16,340,10,320,17,280,11,250,18,220,19,200,21,180,23,150,25,200
Eduardo Blanco,3,110,8,180,6,150,13,220,7,200,14,250,9,280,15,320,10,360,16,380,11,340,17,320,12,280,18,250,19,220,21,200,23,180,25,150
Alberto Olmedo,2,200,4,350,6,300,8,280,10,320,12,360,14,380,16,340,18,360,20,340,22,320,24,280,26,220
Soledad Villamil,1,250,5,400,9,300,13,380,17,320,21,280,25,340
Natalia Oreiro,3,160,6,300,9,280,12,340,15,260,18,220,21,180,24,150,26,200
Ricardo Montaner,2,180,7,250,12,200,17,300,22,280,26,340
Diego Peretti,1,220,8,320,15,300,22,280,3,340,18,320,9,280,24,340
Nacha Guevara,3,200,4,250,5,280,6,220,7,180,8,260,9,320,10,360,11,380,12,340,13,360,14,340,15,320,16,280,17,250,18,220,19,180,20,260,21,320,22,360,23,380,24,340,25,360,26,340
Carlos Gardel,2,250,6,400,10,320,14,280,18,340,22,260,26,180
Andrea del Boca,1,300,7,350,13,300,19,340,25,320
Federico Luppi,3,220,8,300,14,260,20,320,26,280
Selva Alemán,2,120
